Animal	FID	MID
200075	0	0
200076	0	0
200175	0	0
200191	0	0
200198	0	0
200213	0	0
200220	0	0
200260	0	0
200262	0	0
200267	0	0
200272	0	0
200287	0	0
200327	0	0
200344	0	0
200356	0	0
200367	0	0
200374	0	0
200394	0	0
200399	0	0
200405	0	0
200408	0	0
200436	0	0
200448	0	0
200459	0	0
200461	0	0
200486	0	0
200488	0	0
200504	0	0
200513	0	0
200514	0	0
200517	0	0
200556	0	0
200564	0	0
200567	0	0
200602	0	0
200609	0	0
200614	0	0
200638	0	0
200649	0	0
200650	0	0
200674	0	0
200709	0	0
200774	0	0
200779	0	0
200814	0	0
200840	0	0
200847	0	0
200848	0	0
200870	0	0
200877	0	0
200889	0	0
200904	0	0
200912	0	0
200926	0	0
200928	0	0
200939	0	0
200950	0	0
200960	0	0
200973	0	0
200975	0	0
201000	0	0
201013	0	0
201019	0	0
201027	0	0
201055	0	0
201114	0	0
201131	0	0
201139	0	0
201148	0	0
201150	0	0
201154	0	0
201156	0	0
201159	0	0
201173	0	0
201175	0	0
201180	0	0
201205	0	0
201214	0	0
201255	0	0
201260	0	0
201267	0	0
201279	0	0
201329	0	0
201333	0	0
201340	0	0
201363	0	0
201390	0	0
201392	0	0
201432	0	0
201482	0	0
201485	0	0
201486	0	0
201498	0	0
201516	0	0
201523	0	0
202028	0	0
202182	0	0
202338	0	0
202374	0	0
202401	0	0
202410	0	0
202418	0	0
202422	0	0
202433	0	0
202446	0	0
202459	0	0
202469	0	0
202476	0	0
202521	0	0
202524	0	0
202526	0	0
202541	0	0
202543	0	0
202545	0	0
202595	0	0
202599	0	0
202601	0	0
202611	0	0
202659	0	0
202684	0	0
202733	0	0
202768	0	0
202770	0	0
205744	0	0
205769	0	0
205793	0	0
205980	0	0
205991	0	0
206001	0	0
206006	0	0
206014	0	0
206031	0	0
206033	0	0
206035	0	0
206044	0	0
206160	0	0
206168	0	0
206240	0	0
206256	0	0
206281	0	0
206308	0	0
206356	0	0
206360	0	0
206391	0	0
206405	0	0
206408	0	0
206441	0	0
206451	0	0
206473	0	0
206502	0	0
206511	0	0
206512	0	0
206537	0	0
206872	0	0
206873	0	0
208001	0	0
208002	0	0
208003	0	0
208004	0	0
1021	200950	206873
1032	200504	201175
1036	206160	206308
1195	201114	200926
1219	201482	201279
1238	201482	201279
1243	202401	201333
1267	202182	200814
1271	202182	200814
1301	200877	200779
1312	201516	201333
1327	200260	206511
1333	202446	200774
1337	200459	201214
1342	201516	201333
1345	200459	201214
1356	206391	200847
1357	206391	200847
1363	201019	201279
1379	201131	200650
1384	200514	201255
1385	200514	201255
1386	202446	200774
1400	200514	201255
1416	202182	201267
1425	201173	200847
1427	201516	201260
1431	202401	201340
1432	201516	201260
1434	202182	201267
1437	200356	200638
1439	202418	200394
1442	202545	200517
1443	202595	201432
1444	200260	201159
1445	202422	201363
1446	202422	201363
1447	202418	200394
1450	200191	200848
1451	201516	201260
1454	201498	201333
1456	200260	201159
1457	202521	201175
1458	201516	201260
1459	201516	201260
1463	200260	201159
1465	202599	200408
1472	202422	201363
1480	202595	201432
1484	200840	200847
1489	200567	201260
1496	202524	200272
1501	200567	201260
1502	202541	200650
1503	202601	200926
1506	202526	200399
1509	201485	201150
1523	200486	201175
1525	201485	201150
1527	201205	201013
1533	201485	201150
1534	202526	200399
1536	202601	200926
1540	201148	200848
1541	202601	200926
1542	201205	201013
1544	201156	200638
1551	202433	201390
1558	200436	201055
1563	202433	201390
1566	202374	201340
1567	202433	201390
1571	202541	200650
1572	202469	201333
1581	205991	200779
1585	202543	200394
1586	206256	200198
1597	200513	201139
1599	202446	200408
1603	206256	200198
1604	200513	201139
1608	206451	206872
1609	202338	201329
1613	202338	201329
1615	202446	200408
1617	200367	200928
1621	201523	201363
1627	202599	200399
1633	202599	200399
1641	202599	200399
1642	202526	201432
1646	202599	200399
1652	202601	200779
1654	202684	205980
1656	201485	201154
1662	201485	201154
1664	202595	200408
1666	202374	200272
1668	201485	201154
1669	200975	206408
1672	202684	205980
1686	202601	200779
1968	201486	201279
2006	200405	201175
2019	202659	201267
2029	202733	201154
2032	202733	201154
2034	202469	201363
2058	202768	200847
2064	200287	200674
2065	200448	206240
2066	200448	206240
2068	200213	200912
2069	200213	200912
2070	200213	200912
2071	200488	206035
2072	200488	206035
2073	200889	206441
2074	201173	200904
2075	201173	200904
2080	202401	201363
2081	202476	200408
2082	202476	200408
2083	202476	200408
2084	200564	201139
2085	200287	200674
2086	200448	206240
2088	205769	205744
2089	205769	205744
2091	202401	201363
2094	202401	201363
2095	200327	201027
2096	200889	206441
2098	202401	201363
2099	200327	201027
2100	200327	201027
2101	201173	200904
2103	200327	201027
2105	201000	201175
2106	202469	201333
2108	200448	206240
2109	200075	200870
2110	200649	206473
2111	200649	206473
2117	200649	206473
2118	200649	206473
2119	206360	201180
2120	206360	201180
2123	200513	200408
2124	206360	201180
2127	202611	201267
2130	202459	201340
2134	202028	200220
2135	202028	200220
2136	202028	200220
2137	202028	200220
2139	201000	201175
2141	202611	201267
2143	200461	200960
2144	200973	206537
2145	200973	206537
2146	200973	206537
2149	200973	206537
2152	200461	200960
2153	200461	200960
2156	200076	205793
2164	202446	200408
2165	201000	201175
2167	200877	200602
2168	202684	205980
2171	201205	206408
2172	201205	206408
2176	200939	206033
2177	202770	200848
2178	208003	208004
2181	202446	200408
2184	200877	200602
2185	202684	205980
2188	200564	201139
2189	202770	200848
2193	202684	205980
2195	202433	201432
2198	200564	201139
2201	200267	206044
2221	200939	206033
2222	200939	206033
2224	201205	200614
2225	201205	200614
2226	201205	200614
2229	202182	206014
2231	206502	206031
2232	206405	206441
2233	202182	206014
2234	200267	206044
2235	200609	206512
2236	200609	206512
2237	200709	206356
2238	200709	206356
2239	200260	206511
2240	200709	206356
2241	206160	206001
2242	200267	206044
2243	206502	206031
2244	206502	206031
2245	206502	206031
2246	206502	206031
2247	200436	201055
2248	200436	201055
2249	200436	201055
2250	200436	201055
2251	206160	206001
2252	206160	206001
2253	206160	206001
2254	200556	201329
2255	201392	200175
2256	206281	202410
2258	200262	200928
2259	200262	200928
2260	201392	200175
2261	201392	200175
2262	201392	200175
2263	206160	206001
2264	206160	206001
2265	206160	206001
2266	200344	200814
2267	208001	208002
2268	200486	206006
2269	200374	206168
2270	200374	206168
2271	200374	206168
2273	200344	200814
4000	2271	2225
4123	1615	2153
4124	1666	2234
4125	2146	2195
4126	1615	2153
4127	1613	1363
4128	1666	2100
4129	2146	2195
4132	1654	2232
4133	2245	2100
4134	2245	2100
4135	2245	2100
4136	2269	1356
4137	1457	1243
4138	1571	1585
4139	1672	2075
4140	1672	2075
4141	2263	2237
4142	2071	2178
4143	2071	2178
4147	2143	2088
4148	1489	1603
4149	1489	1603
4150	1437	1451
4151	1654	2232
4152	2245	2100
4153	1672	2075
4154	1654	2232
4155	1666	2234
4156	2071	2178
4157	2263	2237
4158	2263	2237
4159	1439	1459
4160	1439	1459
4161	1439	1459
4162	1447	2236
4163	1571	1585
4164	1544	1472
4165	2143	2088
4166	1437	1451
4167	2239	2252
4168	1604	1501
4169	1456	1384
4170	1604	1501
4171	2241	2085
4172	2071	2178
4173	1542	2006
4174	1571	1585
4175	1457	1243
4176	1544	1472
4177	2246	2234
4178	2246	2234
4179	2245	2100
4180	2263	2237
4181	1432	1533
4182	1489	1603
4183	2143	2088
4184	1457	1243
4185	1457	1243
4186	1489	1603
4187	2184	2176
4188	1527	1219
4189	1425	1337
4190	1672	2075
4191	1604	1501
4195	1544	1472
4196	1457	1243
4197	1425	1337
4201	1457	1243
4202	1669	2250
4203	2120	2247
4204	1604	1501
4205	1425	1337
4206	2071	2178
4209	1432	1533
4210	1527	1219
4211	1425	1337
4212	2271	2225
4213	2058	2073
4217	2058	2073
4220	1544	1472
4221	2120	2247
4222	2248	2152
4223	2120	2247
4224	2248	2152
4225	2248	2152
4226	2244	2141
4227	1432	1533
4228	2222	2149
4229	2271	2225
4230	2222	2149
4231	2120	2247
4233	2271	2225
4239	1572	1301
4240	2248	2152
4241	2244	2141
4242	1572	1301
4243	1427	1558
4244	1427	1558
4245	1442	1627
4248	2111	2072
4249	1427	1558
4254	1572	1301
4255	1652	2171
4256	1427	1558
4257	1442	1627
4258	2111	2072
4259	1502	1627
4260	1523	1333
4261	1503	1379
4262	2137	2096
4263	2244	2141
4272	2137	2096
4273	2244	2141
4274	1509	1458
4275	1654	2232
4276	1654	2232
4281	2137	2096
4282	1432	1533
4283	1457	1243
4284	1457	1243
4285	2244	2141
4291	1571	1585
4292	1571	1585
4293	1571	1585
4294	1457	1243
4295	2269	1356
4297	2269	1356
4301	1457	1243
4302	2267	2086
4303	1544	1472
4304	1425	1337
4305	1425	1337
4306	1613	1363
4307	2267	2086
4312	1544	1472
4313	2253	2069
4314	1456	1384
4315	2253	2069
4316	2253	2069
4318	2253	2069
4319	1425	1337
4324	1456	1384
4325	1456	1384
4334	2144	2085
4335	2244	2141
4336	1439	1459
4337	2269	1356
4338	2144	2085
4339	1544	1472
4344	2269	1356
4345	1572	1301
4346	1544	1472
4347	1544	1472
4348	2244	2141
4349	1654	2232
4350	2267	2086
4356	2146	2195
4357	1425	1337
4358	2146	2195
4359	2267	2086
4360	1425	1337
4361	1654	2232
4362	2267	2086
4364	1544	1472
4365	1544	1472
4366	2244	2141
4367	1544	1472
4368	1654	2232
4370	1654	2232
4371	2267	2086
4372	2143	2088
4373	2143	2088
4376	1425	1337
4377	1654	2232
4378	1654	2232
4379	2071	2178
4380	1613	1363
4381	1425	1337
4382	1613	1363
4383	1652	2171
4384	1437	1451
4385	1652	2171
4386	1503	1379
4387	2071	2178
4388	1652	2171
4389	1613	1363
4390	1437	1451
4391	1503	1379
4395	2244	2141
4396	1425	1337
4397	2071	2178
4398	1437	1451
4401	2071	2178
4402	2245	2100
4403	2245	2100
4404	1654	2232
4405	1503	1379
4406	2244	2141
4407	2263	2237
4408	2245	2100
4409	2263	2237
4410	2269	1356
4411	1437	1451
4412	2245	2100
4413	2263	2237
4415	1437	1451
4416	1672	2075
4417	2244	2141
4418	1672	2075
4419	2263	2237
4420	1437	1451
4421	2269	1356
4422	2143	2088
4423	2143	2088
4424	2245	2100
4425	1503	1379
4426	2263	2237
4427	2143	2088
4428	1457	1243
4429	2263	2237
4430	1457	1243
4431	2246	2193
4432	1672	2075
4436	2239	2252
4437	2244	2141
4438	1439	1459
4439	1457	1243
4440	1604	1501
4441	1672	2075
4442	2244	2141
4443	1672	2075
4444	1439	1459
4445	2244	2141
4446	1527	1219
4447	1457	1243
4448	2246	2193
4449	1439	1459
4450	1672	2075
4452	1604	1501
4453	1480	1617
4454	2120	2247
4455	1672	2075
4456	1652	2171
4457	2222	2149
4458	1604	1501
4459	1652	2171
4460	1480	1617
4461	1652	2171
4462	1442	1627
4463	1613	1363
4464	1572	1301
4465	1572	1301
4466	2156	2240
4467	1604	1501
4468	1523	1333
4469	1442	1627
4470	1613	1363
4473	1442	1627
4474	2137	2096
4475	1432	1533
4476	2156	2240
4477	1572	1301
4478	1523	1333
4479	2111	2072
4480	1442	1627
4481	2156	2240
4482	2137	2096
4483	1427	1558
4484	1503	1379
4485	2156	2240
4486	1427	1558
4487	1523	1333
4488	1503	1379
4489	2111	2072
4490	1503	1379
4491	1503	1379
4492	2156	2240
4493	2111	2072
4494	2156	2240
4495	2111	2072
4496	2111	2072
4499	1432	1533
4502	1571	1585
4503	1571	1585
4504	1432	1533
4505	1571	1585
4506	1571	1585
4507	1571	1585
4510	2156	2240
4511	1571	1585
4517	1432	1533
4518	2156	2240
4519	2239	2252
4523	2253	2069
4524	2156	2240
4525	2253	2069
4526	2253	2069
4527	2239	2252
4528	2156	2240
4531	2253	2069
4532	2156	2240
4533	2271	2225
4534	2239	2252
4535	2156	2240
4537	2271	2225
4538	2253	2069
4539	2271	2225
4541	1572	1301
5001	1506	2019
5002	4459	4239
5003	4455	4473
5004	4228	4533
5005	4413	4406
5006	4339	1333
5007	4442	4346
5008	4485	4172
5009	4493	4303
5010	4525	4304
5011	4479	4491
5012	4358	4527
5013	4467	4141
5014	4467	4141
5015	4467	4141
5016	4467	4141
5017	4486	1533
5018	4225	1627
5019	1439	4371
5020	4225	1627
5021	2143	4426
5022	4479	4491
5023	4455	4473
5024	4442	4346
5025	4231	4158
5026	4361	4260
5027	2058	4480
5028	4407	2240
5029	4486	1533
5030	1527	4430
5031	2244	4169
5032	4493	4303
5033	4442	4346
5034	4485	4477
5036	4228	4533
5037	4228	4533
5038	4526	4292
5039	4493	4303
5040	2263	4403
5041	4407	2240
5042	4475	1472
5043	4132	2096
5044	1604	4210
5045	4528	2073
5046	4396	4377
5047	4526	4292
5048	4272	4196
5049	4231	4158
5050	4274	2075
5051	2143	4426
5052	4230	2178
5053	4175	4448
5054	4467	4141
5055	4526	4292
5056	4410	4377
5057	4345	4206
5058	2156	4384
5059	4518	4147
5060	4175	4448
5061	1506	2019
5062	4173	1379
5063	4453	1558
5064	4173	1379
5065	4475	1472
5066	2165	2232
5067	2058	4480
5068	2248	4466
5069	4402	4319
5070	4362	4389
5071	4345	4206
5072	4175	4448
5073	4263	4136
5074	4324	4291
5075	4203	4510
5076	4362	4389
5077	1506	2019
5078	1666	4538
5079	2165	2232
5080	4228	4533
5081	4156	4491
5082	4227	4316
5083	4485	4477
5084	4227	4316
5085	4205	1301
5086	4441	4141
5087	4517	4443
5088	4132	2096
5089	4227	4346
5090	4174	1219
5091	4518	4147
5092	4156	4491
5093	4174	1219
5094	4381	2237
5095	4205	1301
5096	4132	2096
5097	4490	4315
5098	2245	4440
5099	4413	4406
5100	4494	4239
5101	4405	4380
5102	4490	4315
5103	4407	2240
5104	2143	4426
5105	4228	4533
5106	4494	4239
5107	4302	4489
5108	4241	4350
5109	4413	4406
5110	4225	1627
5111	4274	2075
5112	4205	1301
5113	4225	1627
5114	4325	4180
5115	4405	4380
5116	4254	4391
5117	4241	4350
5118	4228	4533
5119	4407	2240
5120	4156	4491
5121	4383	4487
5122	4281	4346
5123	4383	4487
5124	4228	4533
5125	1527	4430
5126	2156	4384
5127	2253	4273
5128	4413	4196
5129	4191	4431
5130	4325	4180
5131	4302	4489
5132	4525	4304
5133	4405	4380
5134	4413	4406
5135	4281	4346
5136	4413	4406
5137	4493	4303
5138	4525	4304
5139	4254	4462
5140	4493	4303
5141	4490	4409
5142	4325	4180
5143	4383	4487
5144	4302	4489
5145	4142	4461
5146	4525	4304
5147	4272	4406
5148	4362	4389
5149	4302	4489
5150	4493	4303
5151	4229	4172
5152	4368	4239
5153	4493	4303
5154	2058	4480
5155	4490	4138
5156	4362	4389
5157	4493	4303
5158	4203	4510
5159	4396	4377
5160	1439	4371
5161	4173	1379
5162	4241	4350
5163	4203	4138
5164	4231	4158
5165	4173	1379
5166	4503	4473
5167	4396	4377
5168	4231	4158
5169	4231	4158
5170	4156	4346
5171	4156	4346
5172	4241	4350
5173	4474	4380
5174	4241	4350
5175	4368	4424
5176	4156	4491
5177	4517	4422
5178	4362	4389
5179	4465	4487
5180	4490	4409
5181	4467	4141
5182	4227	4346
5183	4467	4141
5184	4485	4477
5185	4385	4138
5186	4241	4350
5187	4459	4424
5188	4231	4158
5189	4503	4473
5190	4175	4448
5191	4427	1384
5192	4241	4350
5193	4227	4346
5194	4227	4346
5195	4175	4448
5196	4467	4141
5197	4517	4422
5198	4362	4389
5199	4175	4448
5200	4358	4527
5201	4479	4346
5202	4442	4346
5203	4455	4473
5204	4413	4461
5205	4494	4291
5206	4405	4380
5207	4442	4377
5208	4358	4527
5209	4361	4260
5210	4361	4260
5211	4441	4141
5212	4325	4180
5213	4345	4138
5214	4325	4487
5215	4345	4138
5216	4413	4461
5217	4405	4380
5218	4362	4389
5219	4361	4260
5220	4517	4443
5221	4455	4473
5222	4345	4206
5223	4441	4141
5224	4325	4180
5225	4455	4473
5226	4455	4473
5227	4325	4487
5228	4345	4206
5229	4191	4319
5230	4413	4461
5231	4229	4477
5232	4345	4206
5233	4526	4292
5234	4142	4461
5235	4490	4138
5236	4494	4291
5237	4402	4319
5238	4142	4406
5239	4383	4487
5240	4479	4346
5241	4191	4319
5242	4479	4346
5243	4493	4303
5244	4493	4303
5245	4493	4303
5246	4494	4291
5247	4155	4346
5248	4467	4141
5249	4396	4377
5250	4233	4168
5251	4231	4158
5252	4383	4487
5253	4396	4377
5254	4281	4346
5255	4281	4184
5256	4467	4141
5257	4459	4424
5258	4231	4158
5259	4518	4147
5260	4227	4316
5261	4231	4158
5262	4254	4535
5263	4459	4424
5264	4503	4473
5265	4490	4138
6001	4358	4377
6002	4381	1608
6003	4467	4141
6004	2243	4420
6005	2248	4440
6006	4525	4304
6007	4503	4535
6008	4459	4424
6009	4517	4443
6010	4481	4487
6011	2253	4255
6012	2248	4440
6013	4160	2019
6014	4413	4297
6015	4396	4377
6016	4359	4348
6017	4142	4461
6018	4485	4168
6019	4205	2266
6020	4160	2019
6021	4493	4303
6022	4325	4348
6023	4385	4138
6024	4367	1032
6025	4442	4489
6026	4142	4461
6027	4231	4158
6028	4381	1608
6029	2058	4169
6030	4381	1608
6031	4228	4533
6032	4493	4303
6033	4481	4487
6034	4465	4141
6035	4231	4158
6036	2253	4255
6037	4325	4348
6038	4359	4348
6039	4525	4304
6040	4359	4348
6041	4485	4168
6042	4263	4136
6043	4493	4303
6044	4396	4377
6045	4481	4487
6046	4405	4380
6047	4231	4158
6048	4459	4424
6049	4503	4535
6050	4263	4136
6051	2058	4169
6052	4224	4136
6053	4413	4297
6054	4485	4489
6055	4493	4303
6056	2058	4169
6057	4494	4239
6058	4231	4158
6059	4517	4443
6060	4241	4350
6061	4494	4239
6062	4362	4389
6063	4362	4389
6064	4362	4389
6065	4241	4350
6066	4191	4382
6067	4205	2266
6068	4442	4489
6069	4362	4389
6070	4325	4180
6071	4453	1301
6072	4415	4406
6073	4241	4350
6074	4444	4319
6075	4205	2266
6076	1615	4430
6077	2058	4169
6078	4191	4382
6079	1615	4430
6080	4203	4510
6081	4444	4303
6082	4325	4180
6083	4442	4489
6084	4493	4303
6085	4345	4260
6086	4405	4380
6087	4459	4424
6088	4325	4180
6089	4325	4180
6090	4459	4424
6091	2058	4169
6092	1527	4275
6093	4444	4319
6094	4493	4303
6095	4217	2237
6096	2058	4169
6097	1527	4275
6098	4481	4487
6099	4518	4147
6100	4396	4377
6101	4493	4303
6102	4518	4147
6103	4385	4138
6104	2143	4426
6105	4345	4260
6106	4405	4380
6107	4228	4533
6108	4481	4487
6109	4302	4489
6110	1615	4430
6111	4217	2237
6112	4465	4141
6113	4465	4141
6114	4467	4141
6115	4385	4138
6116	4263	4136
6117	4263	4136
6118	4359	4346
6119	4518	4147
6120	4385	4138
6121	2058	4169
6122	4156	4239
6123	4156	4539
6124	4276	4452
6125	4485	4489
6126	4405	4380
6127	4339	2073
6128	4173	1379
6129	4339	2073
6130	4385	4138
6131	4276	4452
6132	4231	4158
6133	4230	2252
6134	4173	1379
6135	4345	4487
6136	4156	4491
6137	4339	2073
6138	1615	4430
6139	4231	4158
6140	4227	4487
6141	4173	1379
6142	4231	4158
6143	4465	4141
6144	4368	4206
6145	2156	4261
6146	4467	4141
6147	4485	4172
6148	4173	1379
6149	4436	4319
6150	4467	4141
6151	4217	2237
6152	2156	4261
6153	4465	4141
6154	4503	4473
6155	4227	4487
6156	4358	4138
6157	4455	4138
6158	4525	4304
6159	4490	4158
6160	4358	4138
6161	4526	4292
6162	4532	4292
6163	4532	4158
6164	4413	4406
6165	1450	4273
6166	4525	4304
6167	4526	4292
6168	4490	4158
6169	4455	4138
6170	4485	4411
6171	4358	4527
6172	4249	4164
6173	4160	2019
6175	4413	4297
6176	4413	4297
6177	4231	4158
6178	4532	4292
6179	4455	4138
6180	4413	4406
6191	4531	4141
6192	4485	4411
6193	4526	4382
6194	4525	4304
6195	4475	2195
6196	4160	2019
6197	4231	4158
6198	4532	4292
6199	4249	4164
6200	4362	4389
6201	4231	4158
6202	4504	2240
6203	4339	2073
6204	4231	4158
6205	4231	4158
6206	4241	4350
6207	4531	4136
6208	4415	4179
6209	4463	4133
6210	4362	4389
6211	4517	4443
6212	4504	2240
6213	4359	4409
6214	4228	4533
6215	4532	4292
6216	4415	4179
6217	4494	4539
6218	4415	4179
6219	4228	4533
6220	4531	4136
6221	4225	1627
6222	4339	2073
6223	4442	4489
6224	4359	4348
6225	4142	4473
6226	4405	4380
6227	2143	4426
6228	2143	4426
6229	4436	4391
6230	4396	4377
6231	4490	4158
6232	4442	4489
6233	4444	4303
6234	4517	4443
6235	4142	4461
6236	4225	1627
6237	4485	4411
6238	4405	4380
6239	4325	4196
6240	4459	4424
6241	4465	4450
6242	4405	4380
6243	4493	4303
6244	4229	4406
6245	4494	4539
6246	4436	4319
6247	4531	4133
6248	4493	4303
6249	4493	4303
6250	4465	4450
6251	4407	4168
6252	4494	4539
6253	4368	4206
6254	4465	4450
6255	4436	4319
6256	4490	4292
6257	4493	4303
6258	4368	4206
6259	4490	4292
6260	4281	4346
6261	4358	4527
6262	4503	4473
6263	4358	4527
6264	4227	4487
6265	4444	4391
6266	4503	4473
6267	4485	4411
6268	4517	4443
6269	4413	4406
6270	4156	4491
6271	4485	4411
6272	4231	4158
6273	4227	4487
7001	5105	6150
7002	5248	5124
7003	6048	5046
7004	5174	6102
7005	5174	6102
7006	5054	6146
7007	6205	6132
7008	6205	5055
7009	6205	6132
7010	6048	5046
7011	6048	5046
7012	6205	5055
7013	6099	6119
7014	6219	6003
7016	5224	6180
7017	6161	6035
7018	5233	6132
7019	5174	6102
7020	6219	6003
7021	5218	6062
7022	6161	6035
7023	5224	6180
7024	5233	6132
7025	6161	5047
7026	5224	6180
7027	5224	6070
7028	5109	6070
7029	5224	6180
7030	5099	6180
7031	5099	6180
7032	6268	6211
7033	5059	6102
7034	5015	5124
7035	6268	6211
7036	5015	5124
7037	6107	6150
7039	5059	6102
7040	6272	5047
7041	6272	6132
7042	6272	5047
7043	5220	6059
7044	5220	6059
7045	6272	6132
7046	6272	6132
7047	5054	6146
7048	5054	6146
7049	5054	6146
7050	5248	6031
7051	5059	6102
7052	5248	6031
7053	5192	5117
7054	5192	5259
7055	5212	6164
7056	5212	6164
7057	5105	6150
7058	5105	6150
7059	6100	6008
7060	6100	6008
7061	5187	6044
7062	5187	6044
7063	5187	6044
7064	5105	6150
7065	5174	6102
7066	5105	6150
7067	5109	6070
7068	6099	6119
7069	5109	6070
7070	6205	5055
7071	6205	6132
7072	5187	6044
7073	6099	5117
7074	5174	6102
7075	5109	6070
7076	5218	6062
7077	6099	6119
7079	6205	6132
7080	5218	6062
7081	6205	6132
7082	6205	6132
7083	6048	5046
7084	6048	5046
7085	6161	6035
7086	6073	5259
7087	5174	6102
7088	6048	5046
7089	6099	6119
7090	6073	5259
7091	6219	6003
7092	6161	6132
7093	6048	5046
7094	6161	6035
7095	5091	5108
7096	5091	5108
7097	6219	6003
7099	5091	5108
7100	5091	5108
7101	5174	6102
7102	6161	6035
7103	5233	6132
7104	5174	6102
7105	5174	6102
7106	5099	6180
7107	5233	6132
7108	5174	6102
7109	5224	6180
7110	5109	6070
7111	5233	6132
7113	6230	6044
7114	5233	6132
7115	6230	5257
7116	6230	6044
7117	5224	6180
7118	5174	6102
7120	5233	6132
7122	5164	5047
7123	6015	5253
7124	5224	6180
7125	5224	6180
7126	6082	6180
7127	6268	6211
7128	6268	6211
7129	5059	5108
7130	6268	6211
7131	5059	6206
7132	5224	6180
7133	6107	6150
7134	5248	6031
7135	5059	6102
7136	5212	6164
7137	5212	6164
7138	5212	6164
7139	5212	6164
7140	5220	6059
7141	5220	6059
7142	6200	5087
7143	6272	6167
7144	6200	6059
7145	6272	6167
7146	6200	6059
7147	6272	6167
7148	6272	6167
7149	5218	5076
7150	6272	6167
7151	5218	6062
7152	6100	6008
7153	5105	6150
7154	5105	6150
7155	5105	6150
7156	5105	6150
7157	5218	5076
7158	5218	6062
7159	6100	6044
7160	6100	6008
9001	7073	7043
9002	7110	7010
9003	7110	7093
9004	7057	7018
9005	7057	7018
9006	7065	7064
9007	7083	7087
9008	7037	7144
9009	7138	7087
9010	7002	7123
9011	7065	7064
9012	7055	7062
9013	7083	7087
9014	7138	7087
9015	7066	7111
9016	7110	7010
9017	7002	7123
9018	7055	7062
9019	7138	7087
9020	7066	7111
9021	7146	7111
9022	7083	7087
9023	7138	7087
9024	7037	7144
9025	7096	7117
9026	7036	7053
9027	7065	7064
9028	7146	7111
9029	7096	7117
9030	7047	7084
9031	7050	7111
9032	7065	7064
9033	7146	7111
9034	7036	7101
9035	7104	7140
9036	7030	7011
9037	7030	7011
9038	7016	7111
9039	7050	7111
9040	7016	7111
9041	7106	7062
9042	7050	7111
9043	7143	7084
9044	7050	7111
9045	7050	7111
9046	7050	7111
9047	7035	7019
9048	7050	7111
9049	7042	7052
9050	7073	7093
9051	7073	7093
9052	7073	7093
9053	7057	7045
9054	7057	7045
9055	7073	7093
9056	7039	7043
9057	7002	7068
9058	7057	7045
9059	7039	7043
9060	7002	7068
9061	7039	7043
9062	7047	7084
9063	7047	7084
9064	7110	7010
9065	7158	7101
9066	7110	7010
9067	7158	7101
9068	7158	7101
9069	7030	7011
9070	7065	7032
9071	7029	7080
9072	7030	7011
9073	7065	7032
9074	7030	7011
9075	7138	7017
9076	7138	7017
9077	7065	7032
9078	7030	7011
9079	7106	7064
9080	7106	7064
9081	7138	7017
9082	7083	7087
9083	7138	7017
9084	7055	7064
9085	7055	7064
9086	7138	7017
9087	7083	7087
9088	7083	7087
9089	7146	7017
9090	7106	7064
9091	7003	7019
9092	7003	7019
9093	7037	7144
9094	7035	7045
9095	7096	7117
9096	7035	7019
9097	7003	7019
9098	7066	7111
9099	7066	7111
9100	7096	7117
9101	7096	7117
9102	7036	7019
9103	7066	7111
9104	7066	7111
9105	7096	7117
9106	7037	7144
9107	7036	7019
9108	7036	7053
9109	7036	7053
9110	7104	7140
9111	7104	7140
9112	7104	7140
9113	7104	7140
9114	7104	7140
9115	7104	7140
9116	7042	7052
9117	7002	7068
9118	7110	7010
9119	7110	7010
9120	7110	7010
9121	7110	7010
9122	7057	7053
9123	7016	7009
9124	7039	7010
9125	7039	7010
9126	7039	7010
9127	7073	7010
9128	7073	7093
9129	7039	7010
9130	7102	7032
9131	7051	7032
9132	7051	7142
9133	7073	7093
9201	6245	4382
9202	6245	4382
9203	4415	7028
9204	6113	5029
9205	7107	4417
9206	7056	6041
9207	4481	6033
9208	5219	6008
9209	4415	7028
9210	6136	4179
9211	4532	4126
9212	4481	6033
9213	6073	7085
9214	4187	6167
9215	5219	6008
9216	6161	7040
9217	4415	7028
9218	6098	4510
9219	6098	4510
9220	7124	5196
9221	7124	5196
9222	6065	5141
9223	6065	5141
9224	6065	5141
9225	6131	4443
9226	6073	7085
9227	6071	6172
9228	7107	4417
9229	5034	6061
9230	6161	7040
9231	6073	7085
9232	6073	7085
9233	4187	6167
9234	5219	6008
9235	4189	4186
9236	6136	4179
9237	7134	7100
9238	6098	4510
9239	4189	4186
9240	6071	6172
9241	6255	6070
9242	4276	6092
9243	5172	4139
9244	5172	4139
9245	4276	6092
9246	6218	5102
9247	6255	6070
9248	5172	4139
9249	5172	4139
9250	6218	5102
9251	5176	4169
9252	4467	6210
9253	4467	6210
9254	4467	6210
9255	5225	5114
9256	6178	5259
9257	5225	5114
9258	4467	6210
9259	6178	5259
9260	6178	5259
9261	5100	4535
9262	5050	5180
9263	5083	6135
9264	6159	4452
9265	5100	4535
9266	6168	4314
9267	6168	4314
9268	6168	4314
9269	5120	4491
9270	4485	6192
9271	4485	6192
9272	5195	6157
9273	5195	6157
9274	5195	6157
9275	5195	6157
9276	4490	6149
9277	4490	6149
9278	5120	4491
9279	5003	4391
9280	5003	4391
9281	4242	6043
9282	7056	6041
9283	7056	6041
9284	6131	4443
9285	6113	5029
9286	6113	5029
9287	6136	4179
9288	6136	4179
9289	6056	5221
9290	6056	5221
9291	6136	4179
9292	6113	5029
9293	5197	6108
9294	5197	6108
9295	4187	6167
9296	4187	6167
9297	4187	6167
9298	4189	4186
9299	7107	4417
9300	7107	4417
9301	7107	4417
9302	6143	5103
9303	6056	5221
9304	6143	5103
9305	4481	6033
9306	6113	5029
9307	6056	5221
9308	6162	5055
9309	4187	6167
9310	4189	4186
9311	6162	5055
9312	6162	5055
9313	6143	5103
9314	5165	7067
9315	5165	7067
9316	6045	6202
9317	6045	6202
9318	7134	7100
9319	7134	7100
9320	7124	5196
9321	6073	7085
9322	6073	7085
9323	6073	7085
9324	7124	5196
9325	7124	5196
9326	5203	4133
9327	6131	4443
9328	6131	4443
9329	7134	7100
9330	6245	4382
9331	6245	4382
9332	6109	6246
9333	6109	6246
9334	6131	4443
9335	5203	4133
9336	6131	4443
9337	6010	5222
9338	6010	5222
9339	6109	6246
9340	5021	6267
9341	4325	6067
9342	6071	6172
9343	4467	6210
9344	4415	7028
9345	4415	7028
9346	5050	5180
9347	4325	6067
9348	5050	5180
9349	4467	6210
9350	4467	6210
9351	4415	7028
9352	5050	5180
9353	5050	5180
9354	5172	4139
9355	6178	5259
9356	6071	6172
9357	5172	4139
9358	5172	4139
9359	6178	5259
9360	6178	5259
9361	5172	4139
9362	6071	6172
9363	6168	4314
9364	6065	5141
9365	5120	4491
9366	6098	4510
9367	6098	4510
9368	5120	4491
9369	6065	5141
9370	7056	6041
9371	7056	6041
9372	6159	4452
9373	6159	4452
9374	4532	4126
9375	6159	4452
9376	5122	5051
9377	4465	5262
9378	7056	6041
9379	6159	4452
9380	6159	4452
9381	4532	4126
9382	6136	4179
9383	6136	4179
9384	6255	6070
9385	6136	4179
9386	6255	6070
9387	6255	6070
9388	7075	6075
9389	6162	5055
9390	7107	4417
9391	6162	5055
9392	6162	5055
9393	4490	7008
9394	5021	6267
9395	6255	6070
9396	4490	7008
9397	5021	6267
9398	7107	4417
9399	7107	4417
9400	6085	4470
9401	7097	6180
9402	7097	6180
9403	7097	6180
9404	7097	6180
9405	5197	6108
9406	6161	7040
9407	6022	6270
9408	6161	7040
9409	6056	5221
9410	5197	6108
9411	5197	6108
9412	5003	4391
9413	6056	5221
9414	5197	6108
9415	4465	5262
9416	6122	6199
9417	4532	4468
9418	6128	6038
9419	6128	6038
9420	6128	6038
9421	5203	4133
9422	5203	4133
9423	5203	4133
9424	5203	4133
9425	5219	7128
9426	5219	7128
9427	4465	5262
9428	6010	5222
9429	6178	5259
9430	6010	5222
9431	6010	5222
9432	5050	5180
9433	5050	5180
9434	5050	5180
9435	6178	5259
9436	6178	5259
9437	4481	6033
9438	4481	6033
9439	5165	7067
9440	5165	7067
9441	5165	7067
9442	6109	6246
9443	6109	6246
9444	6071	6172
9445	5050	5180
9446	5050	5180
9447	5050	5180
9448	6109	6246
9449	6245	4382
9450	6245	4382
9451	7124	5196
9452	7124	5196
9453	7124	5196
9454	5120	4491
9455	6161	7040
9456	6109	6246
9457	6098	4510
9458	6098	4510
9459	6098	4510
9460	5100	4535
9461	5100	4535
9462	6045	6202
9463	6045	6202
9464	6045	6202
9465	6161	7040
9466	6161	7040
9467	6161	7040
9468	7075	6075
9469	7075	6075
9470	6161	7040
9471	6161	7040
9472	5195	6157
9473	5100	4535
9474	5100	4535
9475	6273	4239
9476	5021	6267
9477	5021	6267
9478	5021	6267
9479	6168	4314
9480	6255	6070
9481	6168	4314
9482	4490	7008
9483	4490	7008
9484	6255	6070
9485	7134	7100
9486	7134	7100
9487	5176	4169
9488	5176	4169
9489	5176	4169
9490	5225	5114
9491	6122	6199
9492	5122	5051
9500	4467	4135
9501	7107	6192
9502	7107	6192
9503	6229	4168
9504	6098	4239
9505	6168	6067
9506	6168	6067
9507	5120	4133
9508	4467	4135
9509	6065	7067
9510	6250	6199
9511	6098	4239
9512	6168	6067
9513	6168	6067
9514	7124	6041
9515	5120	4133
9516	6065	7067
9517	6065	7067
9518	6250	6199
9519	6250	6199
9520	7107	6192
9521	7107	6192
9522	5172	4179
9523	5172	4179
9524	4481	6165
9525	6071	7012
9526	6073	7022
9527	6073	7022
9528	6073	7022
9529	6073	7022
9530	7124	6041
9531	7124	6041
9532	6065	7067
9533	6019	6210
9534	6019	6210
9535	6136	6075
9536	6071	7012
9537	5021	6271
9538	5021	6271
9539	7056	6258
9540	7056	6258
9541	6071	7012
9542	6071	7012
9543	6136	6075
9544	6019	6210
9545	6019	6210
9546	6224	5221
9547	6176	6092
9548	5203	5141
9549	5176	4443
9550	4228	7085
9551	4228	7085
9552	4276	6116
9553	7138	4391
9554	5219	7040
9555	5219	7040
9556	4228	7085
9557	6086	6180
9558	7097	6052
9559	7097	6052
9560	5225	7048
9561	6056	6202
9562	5122	6108
9563	6159	4139
9564	6159	4139
9565	6159	4139
9566	6022	2266
9567	4415	4417
9568	6241	6267
9569	6056	6202
9570	6162	7028
9571	6022	2266
9572	6022	2266
9573	6143	4510
9574	7110	5102
9575	6241	6267
9576	6241	6267
9577	6241	6267
9578	7110	5102
9579	6159	4139
9580	7110	5102
9581	6131	4491
9582	6131	4491
9583	5050	6135
9584	5050	6135
9585	5050	6135
9586	7039	5262
9587	5165	6038
9588	7039	5262
9589	7124	6041
9590	7124	6041
9591	5120	4133
9592	6168	6067
9593	6098	4239
9594	6098	4239
9595	6168	6067
9596	6071	7012
9597	6250	6199
9598	6250	6199
9599	5120	4133
9600	5100	4248
9601	5100	4248
9602	6176	6092
9603	6168	6067
9604	6166	6070
9605	6166	6070
9606	6166	6070
9607	5172	4179
9608	6250	6199
9609	6019	6210
9610	7138	4391
9611	6071	7012
9612	5100	4248
9613	6019	6210
9614	6071	7012
9615	6176	6092
9616	6176	6092
9617	6176	6092
9618	5172	4179
9619	5172	4179
9620	6019	6210
9621	7138	4391
9622	6071	7012
9623	6073	7022
9624	6073	7022
9625	7107	6192
9626	6229	4168
9627	5021	6271
9628	5021	6271
9629	6162	7028
9630	6229	4168
9631	6162	7028
9632	6065	7067
9633	6065	7067
9634	6162	7028
9635	6131	4491
9636	6229	4168
9637	6065	7067
9638	6065	7067
9639	5225	7048
9640	5225	7048
9641	6065	7067
9642	7097	6052
9643	7097	6052
9644	5203	5141
9645	6136	6075
9646	4276	7100
9647	6159	4139
9648	6159	4139
9649	6159	4139
9650	4276	7100
9651	6136	6075
9652	6241	6267
9653	4276	7100
9654	7097	6052
9655	7110	5102
9656	6241	6267
9657	6136	6075
9658	6022	2266
9659	6022	2266
9660	7097	6052
9661	7097	6052
9662	7110	5102
9663	7110	5102
9664	7110	5102
9665	7110	5102
9666	5122	6108
9667	7124	6041
9668	6241	6267
9669	6241	6267
9670	6241	6267
9671	6136	6075
9672	6022	2266
9673	6022	2266
9674	5050	6135
9675	5050	6135
9676	7124	6041
9677	5050	6135
9678	6054	5051
9679	6054	5051
9680	5050	6135
9681	7124	6041
9682	7124	6041
9683	5219	7040
9684	5219	7040
9685	6056	6202
9686	6056	6202
9687	7107	6192
9688	7107	6192
9689	6056	6202
9690	6098	4239
9691	6098	4239
9692	6098	4239
9693	5219	7040
9694	4481	6165
9695	4481	6165
9696	7107	6192
9697	5120	4133
9698	6168	6067
9699	6168	6067
9700	6168	6067
9701	6019	6210
9702	6019	6210
9703	6019	6210
9704	6098	4239
9705	6131	4491
9706	6131	4491
9707	6168	6067
9708	6019	6210
9709	7138	4391
9710	5120	4133
9711	5120	4133
9712	6131	4491
9713	6131	4491
9714	5021	6271
9715	5021	6271
9716	7056	6258
9717	6250	6199
9718	6250	6199
9719	6162	7028
9720	6162	7028
9721	7143	5196
9722	7143	5196
9723	7143	5196
9724	7143	5196
9725	6250	6199
9726	6162	7028
9727	6176	6092
9728	6162	7028
9729	6073	7022
9730	6073	7022
9731	6073	7022
9732	6176	6092
9733	4467	4135
9734	4467	4135
9735	4467	4135
9736	5225	7048
9737	5225	7048
9738	6073	7022
9739	6229	4168
9740	4415	4417
9741	6176	6092
9742	5100	4248
9743	5100	4248
9744	5100	4248
9745	4276	7100
9746	4276	7100
9747	6241	6267
9748	5172	4179
9749	5172	4179
9750	5172	4179
9751	6241	6267
9752	6241	6267
9753	6054	5051
9754	6054	5051
9755	6071	7012
9756	6054	5051
9757	6241	6267
9758	5122	6108
9759	5122	6108
9760	5122	6108
9761	6178	7089
9762	4465	6007
9763	4465	6007
9764	4465	6007
9765	6098	4239
9766	6098	4239
9767	4465	6007
9768	6071	7012
9769	6071	7012
9770	5021	6271
9771	5021	6271
9772	6241	6267
9773	6054	5051
9774	6054	5051
9775	6054	5051
9776	6241	6267
9777	6241	6267
9778	4481	4470
9779	4481	4470
9780	4481	4470
9781	5122	6108
9782	5122	6108
9783	5100	4248
9784	5100	4248
11001	9371	9531
11002	9696	9322
11003	9719	9351
11004	9719	9351
11005	9589	9723
11006	9339	9247
11007	9581	9251
11008	9581	9251
11009	9211	9765
11010	9606	9451
11011	9606	9451
11012	9606	9451
11013	9606	9451
11014	9237	9558
11015	9589	9723
11016	9589	9723
11017	9589	9723
11018	9589	9723
11019	9696	9322
11020	9371	9531
11021	9586	9460
11022	9586	9460
11023	9586	9460
11024	9581	9251
11025	9333	9241
11026	9696	9322
11027	9237	9558
11028	9371	9531
11029	9371	9531
11030	9211	9765
11031	9606	9451
11032	9743	9755
11033	9339	9247
11034	9743	9755
11035	9371	9531
11036	9368	9276
11037	9589	9723
11038	9368	9276
11039	9295	9717
11040	9525	9764
11041	9525	9764
11042	9535	9287
11043	9535	9287
11044	9210	9749
11045	9660	9605
11046	9780	9692
11047	9780	9692
11048	9780	9692
11049	9716	9378
11050	9768	9415
11051	9784	9763
11052	9660	9605
11053	9716	9378
11054	9716	9378
11055	9597	9585
11056	9597	9585
11057	9597	9585
11058	9612	9611
11059	9612	9611
11060	9784	9763
11061	9303	9469
11062	9303	9469
11063	9612	9611
11064	9471	9550
11065	9780	9692
11066	9303	9469
11067	9784	9763
11068	9328	9635
11069	9545	9235
11070	9206	9325
11071	9206	9325
11072	9427	9338
11073	9427	9338
11074	9711	9407
11075	9711	9407
11076	9409	9490
11077	9704	9366
11078	9501	9233
11079	9501	9233
11080	9409	9490
11081	9590	9324
11082	9590	9324
11083	9704	9366
11084	9745	9654
11085	9745	9654
11086	9745	9654
11087	9501	9233
11088	9511	9374
11089	9458	9304
11090	9691	9438
11091	9691	9438
11092	9691	9438
11093	9691	9438
11094	9712	9503
11095	9712	9503
11096	9590	9324
11097	9704	9366
11098	9501	9233
11099	9511	9374
11100	9347	9698
11101	9549	9739
11102	9549	9739
11103	9549	9739
11104	9458	9304
11105	9458	9304
11106	9554	9502
11107	9712	9503
11108	9554	9502
11109	9593	9778
11110	9593	9778
11111	9549	9739
11112	9593	9778
11113	9704	9366
11114	9433	9677
11115	9543	9609
11116	9762	9601
11117	9762	9601
11118	9762	9601
11119	9762	9601
11120	9593	9778
11121	9217	9688
11122	9582	9507
11123	9582	9507
11124	9582	9507
11125	9217	9688
11126	9614	9767
11127	9614	9767
11128	9471	9550
11129	9341	9703
11130	9341	9703
11131	9341	9703
11132	9471	9550
11133	9543	9609
11134	9547	9722
11135	9547	9722
11136	9636	9277
11137	9547	9722
11138	9298	9701
11139	9298	9701
11140	9636	9277
11141	9295	9717
11142	9471	9550
11143	9472	9318
11144	9718	9416
11145	9533	9350
11146	9533	9350
11147	9339	9247
11148	9339	9247
11149	9339	9247
11150	9381	9459
11151	9381	9459
11152	9636	9277
11153	9636	9277
11154	9606	9451
11155	9606	9451
11156	9381	9459
11157	9211	9765
11158	9211	9765
11159	9210	9749
11160	9237	9558
11161	9295	9717
11162	9210	9749
11163	9606	9451
11164	9381	9459
11165	9586	9460
11166	9211	9765
11167	9211	9765
11168	9305	9751
11169	9594	9573
11170	9237	9558
11171	9525	9764
11172	9488	9269
11173	9594	9573
11174	9371	9531
11175	9525	9764
11176	9589	9723
11177	9589	9723
11178	9533	9350
11179	9586	9460
11180	9586	9460
11181	9586	9460
11182	9606	9451
11183	9606	9451
11184	9716	9378
11185	9716	9378
11186	9581	9251
11187	9581	9251
11188	9211	9765
11189	9333	9241
11190	9333	9241
11191	9333	9241
11192	9333	9241
11193	9207	9577
11194	9535	9287
11195	9535	9287
11196	9303	9469
11197	9589	9723
11198	9716	9378
11199	9581	9251
11200	9545	9235
11201	9333	9241
11202	9589	9723
11203	9368	9276
11204	9368	9276
11205	9784	9763
11206	9371	9531
11207	9371	9531
11208	9716	9378
11209	9545	9235
11210	9545	9235
11211	9545	9235
11212	9552	9245
11213	9597	9585
11214	9597	9585
11215	9303	9469
11216	9474	9742
11217	9474	9742
11218	9474	9742
11219	9784	9763
11220	9371	9531
11221	9719	9351
11222	9719	9351
11223	9589	9723
11224	9368	9276
11225	9368	9276
11226	9371	9531
11227	9333	9241
11228	9328	9635
11229	9780	9692
11230	9597	9585
11231	9784	9763
11232	9784	9763
11233	9612	9611
11234	9612	9611
11235	9612	9611
11236	9612	9611
11237	9612	9611
11238	9719	9351
11239	9586	9460
11240	9552	9245
11241	9597	9585
11242	9597	9585
11243	9780	9692
11244	9768	9415
11245	9768	9415
11246	9589	9723
11247	9768	9415
11248	9702	9734
11249	9702	9734
11250	9367	9302
11251	9367	9302
11252	9768	9415
11253	9534	9239
11254	9320	9605
11255	9320	9605
11256	9320	9605
11257	9745	9654
11258	9745	9654
11259	9721	9616
11260	9534	9239
11261	9743	9755
11262	9226	9518
11263	9590	9324
11264	9284	9454
11265	9284	9454
11266	9743	9755
11267	9743	9755
11268	9745	9654
11269	9745	9654
11270	9284	9454
11271	9534	9239
11272	9743	9755
11273	9743	9755
11274	9206	9325
11275	9226	9518
11276	9226	9518
11277	9534	9239
11278	9590	9324
11279	9590	9324
11280	9427	9338
11281	9745	9654
11282	9206	9325
11283	9206	9325
11284	9206	9325
11285	9554	9502
11286	9554	9502
11287	9554	9502
11288	9501	9233
11289	9501	9233
11290	9554	9502
11291	9427	9338
11292	9217	9688
11293	9217	9688
11294	9501	9233
11295	9501	9233
11296	9691	9438
11297	9691	9438
11298	9711	9407
11299	9711	9407
11300	9217	9688
11301	9691	9438
11302	9691	9438
11303	9712	9503
11304	9711	9407
11305	9458	9304
11306	9712	9503
11307	9712	9503
11308	9549	9739
11309	9549	9739
11310	9582	9507
11311	9582	9507
11312	9704	9366
11313	9543	9609
11314	9229	9744
11315	9704	9366
11316	9582	9507
11317	9582	9507
11318	9217	9688
11319	9229	9744
11320	9433	9677
11321	9543	9609
11322	9471	9550
11323	9471	9550
11324	9718	9416
11325	9704	9366
11326	9704	9366
11327	9471	9550
11328	9471	9550
11329	9706	9336
11330	9461	9562
11331	9461	9562
11332	9461	9562
11333	9461	9562
11334	9229	9744
11335	9718	9416
11336	9210	9749
11337	9210	9749
11338	9210	9749
11339	9525	9415
11340	9381	9504
11341	9320	9722
11342	9320	9722
11343	9510	9677
11344	9381	9504
11345	9295	9518
11346	9295	9518
11347	9581	9507
11348	9320	9722
11349	9525	9415
11350	9525	9415
11351	9237	9654
11352	9237	9654
11353	9333	9247
11354	9719	9688
11355	9540	9558
11356	9545	9289
11357	9295	9518
11358	9333	9247
11359	9784	9460
11360	9784	9460
11361	9780	9765
11362	9780	9765
11363	9217	9502
11364	9217	9502
11365	9719	9688
11366	9719	9688
11367	9473	9742
11368	9473	9742
11369	9210	9734
11370	9210	9734
11371	9594	9438
11372	9784	9460
11373	9586	9783
11374	9586	9783
11375	9691	9366
11376	9206	9324
11377	9206	9324
11378	9347	9613
11379	9586	9783
11380	9282	9451
11381	9282	9451
11382	9282	9451
11383	9589	9605
11384	9589	9605
11385	9589	9605
11386	9217	9502
11387	9606	9378
11388	9606	9378
11389	9658	9407
11390	9658	9407
11391	9658	9407
11392	9740	9550
11393	9282	9451
11394	9310	9609
11395	9310	9609
11396	9718	9346
11397	9211	9692
11398	9211	9692
11399	9211	9692
11400	9282	9451
11401	9427	9744
11402	9718	9346
11403	9740	9550
11404	9740	9550
11405	9702	9239
11406	9461	9760
11407	9461	9760
11408	9721	9531
11409	9690	9573
11410	9745	9318
11411	9673	9503
11412	9341	9698
11413	9779	9766
11414	9779	9766
11415	9779	9766
11416	9768	9767
11417	9673	9503
11418	9705	9276
11419	9712	9369
11420	9745	9318
11421	9768	9767
11422	9672	9662
11423	9207	9256
11424	9461	9760
11425	9466	9551
11426	9466	9551
11427	9708	9350
11428	9409	9506
11429	9705	9276
11430	9768	9767
11431	9534	9749
11432	9367	9751
11433	9534	9749
11434	9534	9749
11435	9762	9755
11436	9367	9751
11437	9534	9749
11438	9554	9351
11439	9704	9459
11440	9704	9459
11441	9624	9399
11442	9624	9399
11443	9624	9399
11444	9458	9577
11445	9458	9577
11446	9554	9351
11447	9554	9351
11448	9554	9351
11449	9511	9778
11450	9511	9778
11451	9511	9778
11452	9582	9515
11453	9582	9515
11454	9339	9241
11455	9743	9261
11456	9624	9399
11457	9590	9723
11458	9590	9723
11459	9590	9723
11460	9511	9778
11461	9582	9515
11462	9547	9245
11463	9704	9459
11464	9624	9399
11465	9535	9469
11466	9535	9469
11467	9533	9671
11468	9582	9515
11469	9229	9763
11470	9533	9671
11471	9474	9562
11472	9474	9562
11473	9581	9507
11474	9533	9671
11475	9474	9562
11476	9377	9601
11477	9702	9239
11478	9702	9239
11479	9612	9338
11480	9614	9764
11481	9614	9764
11482	9368	9277
11483	9474	9562
11484	9691	9366
11485	9702	9239
11486	9594	9438
11487	9594	9438
11488	9333	9247
11489	9333	9247
11490	9614	9764
11491	9691	9366
11492	9691	9366
11493	9594	9438
11494	9594	9438
11495	9381	9504
11496	9691	9366
11497	9333	9247
11498	9594	9438
11499	9543	9287
11500	9708	9350
11501	9708	9350
11502	9708	9350
11503	9708	9350
11504	9334	9591
11505	9334	9591
11506	9334	9591
11507	9320	9722
11508	9543	9287
11509	9237	9654
11510	9702	9239
11511	9217	9502
11512	9371	9387
11513	9341	9698
11514	9341	9698
11515	9305	9304
11516	9713	9251
11517	9589	9605
11518	9708	9350
11519	9345	9630
11520	9217	9502
11521	9217	9502
11522	9371	9387
11523	9371	9387
11524	9473	9742
11525	9473	9742
11526	9784	9460
11527	9345	9630
11528	9345	9630
11529	9672	9662
11530	9672	9662
11531	9672	9662
11532	9371	9387
11533	9780	9765
11534	9780	9765
11535	9780	9765
11536	9658	9407
11537	9658	9407
11538	9658	9407
11539	9713	9251
11540	9713	9251
11541	9713	9251
11542	9305	9304
11543	9589	9605
11544	9589	9605
11545	9589	9605
11546	9282	9451
11547	9282	9451
11548	9282	9451
11549	9713	9251
11550	9510	9677
11551	9510	9677
11552	9510	9677
11553	9597	9416
11554	9672	9662
11555	9718	9346
11556	9658	9407
11557	9768	9767
11558	9597	9416
11559	9597	9416
11560	9282	9451
11561	9780	9765
11562	9310	9609
11563	9433	9585
11564	9433	9585
11565	9768	9767
11566	9211	9692
11567	9510	9677
11568	9371	9387
11569	9768	9767
11570	9768	9767
11571	9406	9233
11572	9745	9318
11573	9745	9318
11574	9779	9766
11575	9298	9544
11576	9211	9692
11577	9211	9692
11578	9718	9346
11579	9779	9766
11580	9211	9692
11581	9721	9531
11582	9721	9531
11583	9712	9369
11584	9673	9503
11585	9673	9503
11586	9581	9507
11587	9779	9766
11588	9367	9751
11589	9367	9751
11590	9534	9749
11591	9534	9749
11592	9461	9760
11593	9461	9760
11594	9534	9749
11595	9461	9760
11596	9207	9256
11597	9207	9256
11598	9207	9256
11599	9705	9276
11600	9705	9276
11601	9458	9577
11602	9525	9415
11603	9339	9241
11604	9581	9507
11605	9581	9507
11606	9367	9751
11607	9367	9751
11608	9409	9506
11609	9525	9415
11610	9525	9415
11611	9458	9577
11612	9210	9734
11613	9525	9415
11614	9409	9506
11615	9210	9734
11616	9458	9577
11617	9458	9577
11618	9203	9753
11619	9525	9415
11620	9525	9415
11621	9511	9778
11622	9367	9751
11623	9210	9734
11624	9210	9734
11625	9203	9753
11626	9511	9778
11627	9466	9551
11628	9466	9551
11629	9740	9550
11630	9295	9518
11631	9295	9518
11632	9295	9518
11633	9339	9241
11634	9339	9241
11635	9339	9241
12001	11613	11032
12002	11613	11032
12003	11613	11032
12004	11083	11397
12005	11083	11397
12006	11290	11456
12007	11190	11269
12008	11190	11269
12009	11080	11061
12010	11080	11061
12011	11098	11357
12012	11098	11357
12013	11350	11245
12014	11350	11245
12015	11290	11456
12016	11290	11456
12017	11483	11476
12018	11517	11454
12019	11511	11364
12020	11188	11089
12021	11188	11089
12022	11290	11456
12023	11138	11211
12024	11223	11387
12025	11223	11387
12026	11223	11387
12027	11354	11125
12028	11354	11125
12029	11517	11454
12030	11408	11410
12031	11408	11410
12032	11156	11451
12033	11156	11451
12034	11518	11200
12035	11136	11418
12036	11074	11389
12037	11580	11326
12038	11580	11326
12039	11156	11451
12040	11156	11451
12041	11252	11610
12042	11252	11610
12043	11609	11072
12044	11408	11410
12045	11401	11349
12046	11068	11600
12047	11068	11600
12048	11247	11472
12049	11609	11072
12050	11609	11072
12051	11408	11410
12052	11215	11500
12053	11215	11500
12054	11215	11500
12055	11339	11291
12056	11339	11291
12057	11136	11418
12058	11136	11418
12059	11136	11418
12060	11580	11326
12061	11156	11451
12062	11074	11389
12063	11518	11200
12064	11518	11200
12065	11518	11200
12066	11547	11382
12067	11547	11382
12068	11547	11382
12069	11339	11291
12070	11609	11072
12071	11609	11072
12072	11215	11500
12073	11307	11599
12074	11595	11471
12075	11130	11513
12076	11130	11513
12077	11057	11144
12078	11057	11144
12079	11057	11144
12080	11247	11472
12081	11381	11010
12082	11381	11010
12083	11381	11010
12084	11057	11144
12085	11381	11010
12086	11381	11010
12087	11417	11536
12088	11417	11536
12089	11566	11463
12090	11097	11099
12091	11280	11330
12092	11280	11330
12093	11052	11149
12094	11052	11149
12095	11392	11346
12096	11332	11406
12097	11332	11406
12098	11066	11076
12099	11066	11076
12100	11295	11161
12101	11295	11161
12102	11097	11099
12103	11332	11406
12104	11295	11161
12105	11576	11251
12106	11312	11305
12107	11312	11305
12108	11620	11602
12109	11539	11506
12110	11539	11506
12111	11539	11506
12112	11066	11076
12113	11548	11393
12114	11548	11393
12115	11548	11393
12116	11280	11330
12117	11298	11556
12118	11401	11349
12119	11539	11506
12120	11620	11602
12121	11298	11556
12122	11298	11556
12123	11298	11556
12124	11158	11325
12125	11401	11349
12126	11511	11364
12127	11083	11397
12128	11312	11305
12129	11080	11061
12130	11080	11061
12131	11083	11397
12132	11511	11364
12133	11080	11061
12134	11080	11061
12135	11080	11061
12136	11354	11125
12137	11083	11397
12138	11511	11364
12139	11517	11454
12140	11350	11245
12141	11350	11245
12142	11350	11245
12143	11071	11341
12144	11190	11269
12145	11517	11454
12146	11517	11454
12147	11080	11061
12148	11354	11125
12149	11446	11238
12150	11350	11245
12151	11350	11245
12152	11071	11341
12153	11190	11269
12154	11190	11269
12155	11190	11269
12156	11203	11303
12157	11354	11125
12158	11354	11125
12159	11354	11125
12160	11138	11211
12161	11299	11390
12162	11299	11390
12163	11138	11211
12164	11138	11211
12165	11517	11454
12166	11613	11266
12167	11412	11129
12168	11354	11125
12169	11256	11497
12170	11517	11454
12171	11007	11584
12172	11007	11584
12173	11412	11129
12174	11256	11497
12175	11256	11497
12176	11223	11387
12177	11613	11266
12178	11007	11584
12179	11007	11584
12180	11068	11600
12181	11412	11129
12182	11223	11387
12183	11520	11323
12184	11408	11410
12185	11223	11387
12186	11223	11387
12187	11520	11323
12188	11077	11399
12189	11307	11599
12190	11215	11500
12191	11428	11062
12192	11428	11062
12193	11252	11472
12194	11417	11536
12195	11417	11536
12196	11518	11200
12197	11518	11200
12198	11156	11451
12199	11156	11451
12200	11156	11451
12201	11156	11451
12202	11290	11456
12203	11290	11456
12204	11290	11456
12205	11290	11456
12206	11252	11472
12207	11252	11472
12208	11252	11472
12209	11252	11472
12210	11098	11357
12211	11547	11382
12212	11595	11471
12213	11188	11164
12214	11188	11089
12215	11188	11164
12216	11188	11164
12217	11392	11346
12218	11381	11010
12219	11114	11564
12220	11114	11564
12221	11114	11564
12222	11547	11382
12223	11547	11382
12224	11188	11164
12225	11392	11346
12226	11392	11161
12227	11158	11325
12228	11158	11325
12229	11158	11325
12230	11381	11010
12231	11283	11220
12232	11283	11220
12233	11074	11389
12234	11074	11389
12235	11547	11382
12236	11283	11220
12237	11283	11220
12238	11392	11161
12239	11074	11389
12240	11295	11346
12241	11295	11346
12242	11158	11325
12243	11351	11634
12244	11351	11634
12245	11351	11634
12246	11577	11089
12247	11577	11089
12248	11548	11393
12249	11548	11393
12250	11411	11094
12251	11411	11094
12252	11079	11631
12253	11079	11631
12254	11577	11089
12255	11066	11076
12256	11066	11076
12257	11097	11099
12258	11548	11393
12259	11548	11393
12260	11332	11406
12261	11332	11406
12262	11411	11094
12263	11411	11094
12264	11066	11076
12265	11136	11600
12266	11136	11600
12267	11136	11600
12268	11609	11291
12269	11609	11291
12270	11066	11076
12271	11312	11305
12272	11097	11099
12273	11339	11072
12274	11609	11291
12275	11609	11291
12276	11446	11238
12277	11136	11600
12278	11136	11600
12279	11203	11303
12280	11203	11303
12281	11203	11303
12282	11339	11072
12283	11203	11303
12284	11312	11305
12285	11068	11418
12286	11339	11072
12287	11446	11238
12288	11446	11238
12289	11511	11364
12290	11539	11506
12291	11068	11418
12292	11068	11418
12293	11613	11266
12294	11190	11269
12295	11539	11506
12296	11299	11390
12297	11446	11238
12298	11511	11364
12299	11511	11364
12300	11190	11269
12301	11057	11553
12302	11057	11553
12303	11057	11553
12304	11511	11364
12305	11613	11266
12306	11190	11269
12307	11080	11061
12308	11080	11061
12309	11145	11427
12310	11145	11427
12311	11613	11266
12312	11057	11553
12313	11354	11125
12314	11329	11540
12315	11329	11540
12316	11408	11387
12317	11408	11387
12318	11408	11387
12319	11036	11095
12320	11036	11095
12321	11036	11095
12322	11354	11125
12323	11354	11125
12324	11215	11500
12325	11354	11125
12326	11350	11245
12327	11007	11584
12328	11007	11584
12329	11520	11323
12330	11520	11323
12331	11520	11323
12332	11520	11323
12333	11156	11451
12334	11283	11220
12335	11315	11105
12336	11396	11056
12337	11252	11472
12338	11252	11472
12339	11252	11472
12340	11252	11472
12341	11396	11056
12342	11392	11161
12343	11392	11161
12344	11392	11161
12345	11392	11161
12346	11283	11220
12347	11392	11161
12348	11068	11418
12349	11068	11418
12350	11339	11072
12351	11577	11089
12352	11577	11089
12353	11577	11089
12354	11223	11410
12355	11223	11410
12356	11577	11089
12357	11068	11418
12358	11613	11266
12359	11613	11266
12360	11339	11072
12361	11223	11410
12362	11613	11266
12363	11609	11291
12364	11609	11291
12365	11609	11291
12366	11613	11266
12367	11613	11266
12368	11057	11553
12369	11057	11553
12370	11609	11291
12371	11613	11266
12372	11203	11303
12373	11539	11506
12374	11539	11506
12375	11295	11346
12376	11539	11506
12377	11057	11553
12378	11188	11164
12379	11188	11164
12380	11203	11303
12381	11203	11303
12382	11203	11303
12383	11203	11303
12384	11295	11346
12385	11446	11238
12386	11446	11238
12387	11188	11164
12388	11188	11164
12389	11188	11164
12390	11446	11238
12391	11446	11238
12392	11392	11161
12393	11392	11161
12394	11079	11631
12395	11079	11631
12396	11057	11553
12397	11057	11553
12398	11613	11266
12399	11354	11456
12400	11354	11456
12401	11619	11330
12402	11619	11330
12403	11295	11346
12404	11283	11220
12405	11547	11382
12406	11547	11382
12407	11547	11382
12408	11547	11382
12409	11566	11305
12410	11566	11305
12411	11136	11600
12412	11307	11599
12413	11307	11599
12414	11408	11387
12415	11408	11387
12416	11517	11497
12417	11517	11497
12418	11539	11506
12419	11071	11341
12420	11315	11105
12421	11620	11602
12422	11620	11602
12423	11620	11602
12424	11252	11472
12425	11252	11472
12426	11130	11100
12427	11130	11100
12428	11295	11346
12429	11295	11346
12430	11613	11266
12431	11098	11357
12432	11098	11357
12433	11114	11564
12434	11114	11564
12435	11283	11220
12436	11283	11220
12437	11446	11238
12438	11401	11349
12439	11401	11349
12440	11188	11164
12441	11188	11164
12442	11188	11164
12443	11203	11540
12444	11203	11540
12445	11036	11095
12446	11036	11095
12447	11036	11095
12448	11036	11095
12449	11517	11497
12450	11517	11497
12451	11539	11506
12452	11539	11506
12453	11539	11506
12454	11097	11099
12455	11298	11556
12456	11298	11556
12457	11068	11418
12458	11068	11418
12459	11068	11418
12460	11052	11634
12461	11052	11634
12462	11417	11536
12463	11315	11105
12464	11156	11451
12465	11156	11451
12466	11080	11062
12467	11408	11387
12468	11576	11251
12469	11071	11341
12470	11518	11591
12471	11098	11357
12472	11098	11357
12473	11446	11238
12474	11446	11238
12475	11332	11471
12476	11354	11456
12477	11069	11139
12478	11069	11139
12479	11069	11139
12480	11339	11072
12481	11188	11164
12482	11156	11451
12483	11156	11451
12484	11156	11451
12485	11537	11584
12486	11223	11410
12487	11223	11410
12488	11408	11387
12489	11408	11387
12490	11203	11540
12491	11298	11556
12492	11068	11418
12493	11417	11536
12494	11417	11536
12495	11417	11536
12496	11315	11105
12497	11351	11269
12498	11252	11472
12499	11098	11357
12500	11290	11364
12501	11138	11394
12502	11138	11394
12503	11221	11242
12504	11221	11242
12505	11190	11149
12506	11190	11149
12507	11457	11560
12508	11457	11560
12509	11351	11269
12510	11036	11095
12511	11074	11389
12512	11074	11389
12513	11215	11427
12514	11215	11427
12515	11520	11323
12516	11256	11454
12517	11256	11454
12518	11015	11010
12519	11015	11010
12520	11520	11323
12521	11256	11454
12522	11158	11325
12523	11158	11325
12524	11483	11023
12525	11256	11454
12526	11256	11454
12527	11609	11291
12528	11609	11291
12529	11609	11291
12530	11511	11125
12531	11511	11125
12532	11180	11245
12533	11180	11245
12534	11502	11200
12535	11502	11200
12536	11392	11161
12537	11392	11161
12538	11290	11364
12539	11290	11364
12540	11290	11364
12541	11299	11390
12542	11576	11251
12543	11290	11364
12544	11290	11364
12545	11079	11631
12546	11079	11631
12547	11619	11330
12548	11619	11330
12549	11299	11390
12550	11299	11390
12551	11080	11062
12552	11080	11062
12553	11071	11341
12554	11079	11631
12555	11079	11631
12556	11131	11513
12557	11131	11513
12558	11613	11266
12559	11613	11266
12560	11080	11062
12561	11068	11418
12562	11068	11418
12563	11299	11390
12564	11299	11390
12565	11071	11341
12566	11057	11553
12567	11007	11306
12568	11188	11164
12569	11068	11418
12570	11250	11105
12571	11007	11306
12572	11068	11418
12573	11250	11105
12574	11071	11341
12575	11057	11553
12576	11408	11387
12577	11188	11164
12578	11188	11164
12579	11188	11164
12580	11068	11418
12581	11417	11556
12582	11069	11139
12583	11057	11553
12584	11221	11242
12585	11221	11242
12586	11221	11242
12587	11620	11349
12588	11190	11149
12589	11007	11306
12590	11351	11269
12591	11351	11269
12592	11408	11387
12593	11408	11387
12594	11097	11099
12595	11417	11556
12596	11417	11556
12597	11307	11506
12598	11188	11164
12599	11351	11269
12600	11351	11269
12601	11203	11540
12602	11074	11389
12603	11074	11389
12604	11074	11389
12605	11417	11556
12606	11307	11506
12607	11307	11506
12608	11190	11149
12609	11620	11349
12610	11620	11349
12611	11620	11349
12612	11620	11349
12613	11252	11472
12614	11252	11472
12615	11252	11472
12616	11007	11306
12617	11537	11584
12618	11412	11501
12619	11412	11501
12620	11412	11501
12621	11401	11602
12622	11401	11602
12623	11412	11501
12624	11401	11602
12625	11138	11394
12626	11138	11394
12627	11138	11394
12628	11566	11305
12629	11215	11427
12630	11215	11427
12631	11215	11427
12632	11576	11251
12633	11576	11251
12634	11036	11095
12635	11036	11095
12636	11036	11095
12637	11619	11330
12638	11619	11330
12639	11069	11139
12640	11069	11139
12641	11069	11139
12642	11339	11072
12643	11299	11390
12644	11299	11390
12645	11080	11062
12646	11069	11139
12647	11613	11266
12648	11619	11330
12649	11619	11330
12650	11339	11072
12651	11609	11291
12652	11619	11330
12653	11609	11291
12654	11417	11556
12655	11315	11166
12656	11315	11166
12657	11417	11556
12658	11188	11164
12659	11332	11471
12660	11332	11471
12661	11307	11506
12662	11332	11471
12663	11332	11471
12664	11307	11506
12665	11307	11506
12666	11307	11506
12667	11180	11245
12668	11074	11391
12669	11074	11391
12670	11068	11418
12671	11068	11418
12672	11620	11349
12673	11203	11540
12674	11250	11105
12675	11250	11105
12676	11250	11105
12677	11250	11105
12678	11252	11472
12679	11252	11472
12680	11252	11472
12681	11252	11472
